Starting puzzle 1
-------------------------------
Solved Puzzle:
  635 - Constraint Cycles
  1 - Branches

  single_possibility : 30
  unique_in_row : 19
-------------------------------
| 4  7  6 | 1  5  3 | 9  2  8 |
| 3  2  9 | 6  8  7 | 1  4  5 |
| 5  1  8 | 4  2  9 | 7  6  3 |
-------------------------------
| 2  8  4 | 7  1  5 | 3  9  6 |
| 1  6  7 | 9  3  2 | 5  8  4 |
| 9  5  3 | 8  4  6 | 2  1  7 |
-------------------------------
| 8  3  5 | 2  6  1 | 4  7  9 |
| 6  9  1 | 5  7  4 | 8  3  2 |
| 7  4  2 | 3  9  8 | 6  5  1 |
-------------------------------

Done with puzzle 1 in 0.114024877548 sec
Starting puzzle 2
-------------------------------
Solved Puzzle:
  2478 - Constraint Cycles
  4 - Branches

  single_possibility : 38
  unique_in_col : 2
  unique_in_row : 34
-------------------------------
| 8  2  6 | 3  5  9 | 7  1  4 |
| 3  1  5 | 7  2  4 | 9  6  8 |
| 4  9  7 | 1  8  6 | 5  2  3 |
-------------------------------
| 2  7  9 | 8  6  3 | 1  4  5 |
| 6  5  8 | 4  1  7 | 2  3  9 |
| 1  4  3 | 2  9  5 | 8  7  6 |
-------------------------------
| 7  3  2 | 5  4  8 | 6  9  1 |
| 5  6  4 | 9  7  1 | 3  8  2 |
| 9  8  1 | 6  3  2 | 4  5  7 |
-------------------------------

Done with puzzle 2 in 0.478004932404 sec
Starting puzzle 3
-------------------------------
Solved Puzzle:
  527 - Constraint Cycles
  1 - Branches

  single_possibility : 38
  unique_in_row : 13
-------------------------------
| 6  8  4 | 2  9  5 | 3  1  7 |
| 2  7  9 | 3  8  1 | 4  6  5 |
| 3  5  1 | 4  7  6 | 9  8  2 |
-------------------------------
| 4  1  7 | 6  5  9 | 2  3  8 |
| 9  3  2 | 1  4  8 | 5  7  6 |
| 8  6  5 | 7  3  2 | 1  9  4 |
-------------------------------
| 5  2  8 | 9  6  3 | 7  4  1 |
| 1  4  3 | 8  2  7 | 6  5  9 |
| 7  9  6 | 5  1  4 | 8  2  3 |
-------------------------------

Done with puzzle 3 in 0.105257034302 sec
Starting puzzle 4
-------------------------------
Solved Puzzle:
  735 - Constraint Cycles
  1 - Branches

  single_possibility : 33
  unique_in_col : 2
  unique_in_row : 15
  unique_in_square : 1
-------------------------------
| 3  5  7 | 9  2  4 | 6  1  8 |
| 6  4  1 | 8  5  3 | 7  2  9 |
| 8  9  2 | 7  6  1 | 3  5  4 |
-------------------------------
| 7  3  9 | 6  4  5 | 1  8  2 |
| 1  6  5 | 2  3  8 | 9  4  7 |
| 2  8  4 | 1  7  9 | 5  3  6 |
-------------------------------
| 5  7  6 | 3  8  2 | 4  9  1 |
| 4  1  8 | 5  9  7 | 2  6  3 |
| 9  2  3 | 4  1  6 | 8  7  5 |
-------------------------------

Done with puzzle 4 in 0.133223056793 sec
Starting puzzle 5
-------------------------------
Solved Puzzle:
  6571 - Constraint Cycles
  9 - Branches

  single_possibility : 94
  unique_in_col : 9
  unique_in_row : 60
  unique_in_square : 4
  xwing_row : 1
-------------------------------
| 8  5  9 | 6  1  2 | 4  3  7 |
| 7  2  3 | 8  5  4 | 1  6  9 |
| 1  6  4 | 3  7  9 | 5  2  8 |
-------------------------------
| 9  8  6 | 1  4  7 | 3  5  2 |
| 3  7  5 | 2  6  8 | 9  1  4 |
| 2  4  1 | 5  9  3 | 7  8  6 |
-------------------------------
| 4  3  2 | 9  8  1 | 6  7  5 |
| 6  1  7 | 4  2  5 | 8  9  3 |
| 5  9  8 | 7  3  6 | 2  4  1 |
-------------------------------

Done with puzzle 5 in 1.39396214485 sec
Starting puzzle 6
-------------------------------
Solved Puzzle:
  24160 - Constraint Cycles
  53 - Branches

  naked_sets_col : 1
  naked_sets_square : 1
  single_possibility : 425
  unique_in_col : 19
  unique_in_row : 255
  unique_in_square : 3
-------------------------------
| 1  4  5 | 3  2  7 | 6  9  8 |
| 8  3  9 | 6  5  4 | 1  2  7 |
| 6  7  2 | 9  1  8 | 5  4  3 |
-------------------------------
| 4  9  6 | 1  8  5 | 3  7  2 |
| 2  1  8 | 4  7  3 | 9  5  6 |
| 7  5  3 | 2  9  6 | 4  8  1 |
-------------------------------
| 3  6  7 | 5  4  2 | 8  1  9 |
| 9  8  4 | 7  6  1 | 2  3  5 |
| 5  2  1 | 8  3  9 | 7  6  4 |
-------------------------------

Done with puzzle 6 in 5.23913192749 sec
Starting puzzle 7
-------------------------------
Solved Puzzle:
  15507 - Constraint Cycles
  27 - Branches

  single_possibility : 27
  unique_in_col : 2
  unique_in_row : 9
-------------------------------
| 3  8  4 | 2  6  9 | 5  1  7 |
| 6  5  9 | 4  1  7 | 2  3  8 |
| 2  7  1 | 5  3  8 | 6  4  9 |
-------------------------------
| 1  4  5 | 9  7  2 | 8  6  3 |
| 8  9  3 | 6  5  4 | 7  2  1 |
| 7  2  6 | 1  8  3 | 9  5  4 |
-------------------------------
| 9  1  8 | 3  2  5 | 4  7  6 |
| 4  3  2 | 7  9  6 | 1  8  5 |
| 5  6  7 | 8  4  1 | 3  9  2 |
-------------------------------

Done with puzzle 7 in 4.37690591812 sec
Starting puzzle 8
-------------------------------
Solved Puzzle:
  6571 - Constraint Cycles
  9 - Branches

  single_possibility : 94
  unique_in_col : 9
  unique_in_row : 60
  unique_in_square : 4
  xwing_row : 1
-------------------------------
| 8  5  9 | 6  1  2 | 4  3  7 |
| 7  2  3 | 8  5  4 | 1  6  9 |
| 1  6  4 | 3  7  9 | 5  2  8 |
-------------------------------
| 9  8  6 | 1  4  7 | 3  5  2 |
| 3  7  5 | 2  6  8 | 9  1  4 |
| 2  4  1 | 5  9  3 | 7  8  6 |
-------------------------------
| 4  3  2 | 9  8  1 | 6  7  5 |
| 6  1  7 | 4  2  5 | 8  9  3 |
| 5  9  8 | 7  3  6 | 2  4  1 |
-------------------------------

Done with puzzle 8 in 1.39524793625 sec
Starting puzzle 9
-------------------------------
Solved Puzzle:
  24160 - Constraint Cycles
  53 - Branches

  naked_sets_col : 1
  naked_sets_square : 1
  single_possibility : 425
  unique_in_col : 19
  unique_in_row : 255
  unique_in_square : 3
-------------------------------
| 1  4  5 | 3  2  7 | 6  9  8 |
| 8  3  9 | 6  5  4 | 1  2  7 |
| 6  7  2 | 9  1  8 | 5  4  3 |
-------------------------------
| 4  9  6 | 1  8  5 | 3  7  2 |
| 2  1  8 | 4  7  3 | 9  5  6 |
| 7  5  3 | 2  9  6 | 4  8  1 |
-------------------------------
| 3  6  7 | 5  4  2 | 8  1  9 |
| 9  8  4 | 7  6  1 | 2  3  5 |
| 5  2  1 | 8  3  9 | 7  6  4 |
-------------------------------

Done with puzzle 9 in 5.29316186905 sec
Starting puzzle 10
-------------------------------
Solved Puzzle:
  4128 - Constraint Cycles
  11 - Branches

  single_possibility : 90
  unique_in_col : 7
  unique_in_row : 35
  unique_in_square : 1
-------------------------------
| 1  2  8 | 5  4  7 | 6  3  9 |
| 3  4  5 | 8  6  9 | 2  1  7 |
| 6  7  9 | 2  1  3 | 5  4  8 |
-------------------------------
| 9  1  2 | 4  8  6 | 3  7  5 |
| 7  8  4 | 3  5  2 | 1  9  6 |
| 5  3  6 | 7  9  1 | 4  8  2 |
-------------------------------
| 8  9  1 | 6  2  4 | 7  5  3 |
| 4  6  7 | 9  3  5 | 8  2  1 |
| 2  5  3 | 1  7  8 | 9  6  4 |
-------------------------------

Done with puzzle 10 in 0.853190898895 sec
Starting puzzle 11
-------------------------------
Solved Puzzle:
  16428 - Constraint Cycles
  37 - Branches

  single_possibility : 252
  unique_in_col : 7
  unique_in_row : 198
  unique_in_square : 1
-------------------------------
| 6  2  4 | 5  7  8 | 1  3  9 |
| 1  3  5 | 4  9  6 | 8  2  7 |
| 7  8  9 | 1  2  3 | 4  5  6 |
-------------------------------
| 2  1  6 | 3  8  5 | 7  9  4 |
| 8  5  7 | 9  6  4 | 2  1  3 |
| 4  9  3 | 2  1  7 | 6  8  5 |
-------------------------------
| 9  4  2 | 6  5  1 | 3  7  8 |
| 5  6  8 | 7  3  2 | 9  4  1 |
| 3  7  1 | 8  4  9 | 5  6  2 |
-------------------------------

Done with puzzle 11 in 3.88289809227 sec
Starting puzzle 12
-------------------------------
Solved Puzzle:
  711 - Constraint Cycles
  1 - Branches

  single_possibility : 39
  unique_in_row : 20
-------------------------------
| 7  9  6 | 1  5  2 | 3  8  4 |
| 5  3  1 | 4  6  8 | 9  2  7 |
| 4  2  8 | 3  7  9 | 6  5  1 |
-------------------------------
| 1  5  2 | 6  3  4 | 7  9  8 |
| 3  8  4 | 7  9  1 | 2  6  5 |
| 9  6  7 | 2  8  5 | 1  4  3 |
-------------------------------
| 2  1  9 | 8  4  3 | 5  7  6 |
| 6  4  5 | 9  1  7 | 8  3  2 |
| 8  7  3 | 5  2  6 | 4  1  9 |
-------------------------------

Done with puzzle 12 in 0.170861959457 sec
Starting puzzle 13
-------------------------------
Solved Puzzle:
  14358 - Constraint Cycles
  25 - Branches

  naked_sets_col : 2
  naked_sets_row : 1
  single_possibility : 179
  unique_in_col : 4
  unique_in_row : 102
  unique_in_square : 3
-------------------------------
| 1  6  2 | 8  5  7 | 4  9  3 |
| 5  3  4 | 1  2  9 | 6  7  8 |
| 7  8  9 | 6  4  3 | 5  2  1 |
-------------------------------
| 4  7  5 | 3  1  2 | 9  8  6 |
| 9  1  3 | 5  8  6 | 7  4  2 |
| 6  2  8 | 7  9  4 | 1  3  5 |
-------------------------------
| 3  5  6 | 4  7  8 | 2  1  9 |
| 2  4  1 | 9  3  5 | 8  6  7 |
| 8  9  7 | 2  6  1 | 3  5  4 |
-------------------------------

Done with puzzle 13 in 3.15461492538 sec
Starting puzzle 14
-------------------------------
Solved Puzzle:
  2962 - Constraint Cycles
  3 - Branches

  naked_sets_square : 3
  single_possibility : 30
  unique_in_col : 4
  unique_in_row : 14
-------------------------------
| 1  5  2 | 9  3  4 | 6  8  7 |
| 7  6  3 | 8  2  1 | 5  4  9 |
| 9  8  4 | 5  6  7 | 3  2  1 |
-------------------------------
| 6  1  8 | 4  9  3 | 2  7  5 |
| 3  7  5 | 1  8  2 | 4  9  6 |
| 2  4  9 | 7  5  6 | 8  1  3 |
-------------------------------
| 5  2  1 | 3  7  8 | 9  6  4 |
| 4  3  6 | 2  1  9 | 7  5  8 |
| 8  9  7 | 6  4  5 | 1  3  2 |
-------------------------------

Done with puzzle 14 in 0.545320987701 sec
Starting puzzle 15
-------------------------------
Solved Puzzle:
  2593 - Constraint Cycles
  5 - Branches

  single_possibility : 49
  unique_in_col : 1
  unique_in_row : 22
-------------------------------
| 3  8  7 | 9  2  6 | 4  1  5 |
| 5  4  6 | 8  1  3 | 9  7  2 |
| 1  9  2 | 4  7  5 | 8  3  6 |
-------------------------------
| 2  3  5 | 7  4  9 | 1  6  8 |
| 9  6  1 | 2  5  8 | 7  4  3 |
| 4  7  8 | 6  3  1 | 5  2  9 |
-------------------------------
| 7  5  4 | 3  8  2 | 6  9  1 |
| 6  1  3 | 5  9  7 | 2  8  4 |
| 8  2  9 | 1  6  4 | 3  5  7 |
-------------------------------

Done with puzzle 15 in 0.486379146576 sec
Starting puzzle 16
-------------------------------
Solved Puzzle:
  1730 - Constraint Cycles
  3 - Branches

  single_possibility : 39
  unique_in_col : 1
  unique_in_row : 15
-------------------------------
| 8  6  9 | 5  7  4 | 1  3  2 |
| 1  2  4 | 3  9  6 | 7  5  8 |
| 3  7  5 | 1  2  8 | 6  9  4 |
-------------------------------
| 9  3  2 | 8  5  7 | 4  1  6 |
| 5  4  1 | 6  3  2 | 8  7  9 |
| 7  8  6 | 9  4  1 | 3  2  5 |
-------------------------------
| 2  1  7 | 4  6  9 | 5  8  3 |
| 4  9  3 | 7  8  5 | 2  6  1 |
| 6  5  8 | 2  1  3 | 9  4  7 |
-------------------------------

Done with puzzle 16 in 0.425157785416 sec
Starting puzzle 17
-------------------------------
Solved Puzzle:
  2337 - Constraint Cycles
  6 - Branches

  single_possibility : 68
  unique_in_col : 1
  unique_in_row : 40
  unique_in_square : 1
-------------------------------
| 7  9  8 | 6  3  5 | 4  2  1 |
| 1  2  6 | 9  7  4 | 5  8  3 |
| 4  5  3 | 2  1  8 | 6  7  9 |
-------------------------------
| 9  7  2 | 5  8  6 | 3  1  4 |
| 5  6  4 | 1  2  3 | 8  9  7 |
| 3  8  1 | 4  9  7 | 2  5  6 |
-------------------------------
| 6  1  7 | 3  5  2 | 9  4  8 |
| 8  3  5 | 7  4  9 | 1  6  2 |
| 2  4  9 | 8  6  1 | 7  3  5 |
-------------------------------

Done with puzzle 17 in 0.522071123123 sec
Starting puzzle 18
-------------------------------
Solved Puzzle:
  7736 - Constraint Cycles
  14 - Branches

  single_possibility : 106
  unique_in_col : 9
  unique_in_row : 67
  unique_in_square : 1
-------------------------------
| 5  9  4 | 8  7  6 | 1  2  3 |
| 8  2  3 | 9  1  4 | 7  5  6 |
| 6  1  7 | 2  3  5 | 8  9  4 |
-------------------------------
| 9  6  5 | 4  2  1 | 3  7  8 |
| 7  8  1 | 6  5  3 | 9  4  2 |
| 3  4  2 | 7  9  8 | 5  6  1 |
-------------------------------
| 1  5  9 | 3  4  2 | 6  8  7 |
| 4  3  6 | 5  8  7 | 2  1  9 |
| 2  7  8 | 1  6  9 | 4  3  5 |
-------------------------------

Done with puzzle 18 in 1.87883114815 sec
Fri Oct 29 10:54:11 2010    sudoku.v4

         25985328 function calls (25764102 primitive calls) in 30.577 CPU seconds

   Ordered by: internal time
   List reduced from 101 to 10 due to restriction <10>

   ncalls  tottime  percall  cumtime  percall filename:lineno(function)
  2100119    4.332    0.000   14.299    0.000 sudoku.py:43(__call__)
  2100119    3.150    0.000    5.148    0.000 {method 'has_key' of 'dict' objects}
     9466    2.461    0.000    6.249    0.001 sudoku.py:269(xwing_col_constraint)
     9426    2.446    0.000    6.239    0.001 sudoku.py:234(xwing_row_constraint)
  3974183    2.128    0.000    2.128    0.000 sudoku.py:15(__eq__)
  4244066    1.935    0.000    1.935    0.000 sudoku.py:21(__hash__)
    43828    1.240    0.000    2.781    0.000 sudoku.py:412(index_constraints)
    64894    1.093    0.000    7.970    0.000 sudoku.py:324(_unique_possibility_helper)
     3759    0.936    0.000   29.264    0.008 sudoku.py:173(fn)
238068/19454    0.885    0.000    2.626    0.000 copy.py:144(deepcopy)


<module 'sudoku' from 'sudoku.py'>
