Starting puzzle 1
-------------------------------
Solved Puzzle in 12c and 1b:
-------------------------------
| 4  7  6 | 1  5  3 | 9  2  8 |
| 3  2  9 | 6  8  7 | 1  4  5 |
| 5  1  8 | 4  2  9 | 7  6  3 |
-------------------------------
| 2  8  4 | 7  1  5 | 3  9  6 |
| 1  6  7 | 9  3  2 | 5  8  4 |
| 9  5  3 | 8  4  6 | 2  1  7 |
-------------------------------
| 8  3  5 | 2  6  1 | 4  7  9 |
| 6  9  1 | 5  7  4 | 8  3  2 |
| 7  4  2 | 3  9  8 | 6  5  1 |
-------------------------------

Done with puzzle 1 in 0.0146508216858 sec
Starting puzzle 2
-------------------------------
Solved Puzzle in 29c and 15b:
-------------------------------
| 8  2  6 | 3  5  9 | 7  1  4 |
| 3  1  5 | 7  2  4 | 9  6  8 |
| 4  9  7 | 1  8  6 | 5  2  3 |
-------------------------------
| 2  7  9 | 8  6  3 | 1  4  5 |
| 6  5  8 | 4  1  7 | 2  3  9 |
| 1  4  3 | 2  9  5 | 8  7  6 |
-------------------------------
| 7  3  2 | 5  4  8 | 6  9  1 |
| 5  6  4 | 9  7  1 | 3  8  2 |
| 9  8  1 | 6  3  2 | 4  5  7 |
-------------------------------

Done with puzzle 2 in 0.0555250644684 sec
Starting puzzle 3
-------------------------------
Solved Puzzle in 12c and 1b:
-------------------------------
| 6  8  4 | 2  9  5 | 3  1  7 |
| 2  7  9 | 3  8  1 | 4  6  5 |
| 3  5  1 | 4  7  6 | 9  8  2 |
-------------------------------
| 4  1  7 | 6  5  9 | 2  3  8 |
| 9  3  2 | 1  4  8 | 5  7  6 |
| 8  6  5 | 7  3  2 | 1  9  4 |
-------------------------------
| 5  2  8 | 9  6  3 | 7  4  1 |
| 1  4  3 | 8  2  7 | 6  5  9 |
| 7  9  6 | 5  1  4 | 8  2  3 |
-------------------------------

Done with puzzle 3 in 0.0110950469971 sec
Starting puzzle 4
-------------------------------
Solved Puzzle in 19c and 7b:
-------------------------------
| 3  5  7 | 9  2  4 | 6  1  8 |
| 6  4  1 | 8  5  3 | 7  2  9 |
| 8  9  2 | 7  6  1 | 3  5  4 |
-------------------------------
| 7  3  9 | 6  4  5 | 1  8  2 |
| 1  6  5 | 2  3  8 | 9  4  7 |
| 2  8  4 | 1  7  9 | 5  3  6 |
-------------------------------
| 5  7  6 | 3  8  2 | 4  9  1 |
| 4  1  8 | 5  9  7 | 2  6  3 |
| 9  2  3 | 4  1  6 | 8  7  5 |
-------------------------------

Done with puzzle 4 in 0.0323920249939 sec
Starting puzzle 5
-------------------------------
Solved Puzzle in 60c and 32b:
-------------------------------
| 8  5  9 | 6  1  2 | 4  3  7 |
| 7  2  3 | 8  5  4 | 1  6  9 |
| 1  6  4 | 3  7  9 | 5  2  8 |
-------------------------------
| 9  8  6 | 1  4  7 | 3  5  2 |
| 3  7  5 | 2  6  8 | 9  1  4 |
| 2  4  1 | 5  9  3 | 7  8  6 |
-------------------------------
| 4  3  2 | 9  8  1 | 6  7  5 |
| 6  1  7 | 4  2  5 | 8  9  3 |
| 5  9  8 | 7  3  6 | 2  4  1 |
-------------------------------

Done with puzzle 5 in 0.128930091858 sec
Starting puzzle 6
-------------------------------
Solved Puzzle in 416c and 194b:
-------------------------------
| 1  4  5 | 3  2  7 | 6  9  8 |
| 8  3  9 | 6  5  4 | 1  2  7 |
| 6  7  2 | 9  1  8 | 5  4  3 |
-------------------------------
| 4  9  6 | 1  8  5 | 3  7  2 |
| 2  1  8 | 4  7  3 | 9  5  6 |
| 7  5  3 | 2  9  6 | 4  8  1 |
-------------------------------
| 3  6  7 | 5  4  2 | 8  1  9 |
| 9  8  4 | 7  6  1 | 2  3  5 |
| 5  2  1 | 8  3  9 | 7  6  4 |
-------------------------------

Done with puzzle 6 in 0.84822177887 sec
Starting puzzle 7
-------------------------------
Solved Puzzle in 49c and 27b:
-------------------------------
| 3  8  4 | 5  6  2 | 7  1  9 |
| 6  5  9 | 4  1  7 | 2  3  8 |
| 2  7  1 | 9  3  8 | 6  4  5 |
-------------------------------
| 1  4  5 | 2  7  9 | 8  6  3 |
| 8  9  3 | 6  5  4 | 1  2  7 |
| 7  2  6 | 1  8  3 | 9  5  4 |
-------------------------------
| 9  1  8 | 3  2  5 | 4  7  6 |
| 4  3  2 | 7  9  6 | 5  8  1 |
| 5  6  7 | 8  4  1 | 3  9  2 |
-------------------------------

Done with puzzle 7 in 0.131975889206 sec
Starting puzzle 8
-------------------------------
Solved Puzzle in 60c and 32b:
-------------------------------
| 8  5  9 | 6  1  2 | 4  3  7 |
| 7  2  3 | 8  5  4 | 1  6  9 |
| 1  6  4 | 3  7  9 | 5  2  8 |
-------------------------------
| 9  8  6 | 1  4  7 | 3  5  2 |
| 3  7  5 | 2  6  8 | 9  1  4 |
| 2  4  1 | 5  9  3 | 7  8  6 |
-------------------------------
| 4  3  2 | 9  8  1 | 6  7  5 |
| 6  1  7 | 4  2  5 | 8  9  3 |
| 5  9  8 | 7  3  6 | 2  4  1 |
-------------------------------

Done with puzzle 8 in 0.129337072372 sec
Starting puzzle 9
-------------------------------
Solved Puzzle in 416c and 194b:
-------------------------------
| 1  4  5 | 3  2  7 | 6  9  8 |
| 8  3  9 | 6  5  4 | 1  2  7 |
| 6  7  2 | 9  1  8 | 5  4  3 |
-------------------------------
| 4  9  6 | 1  8  5 | 3  7  2 |
| 2  1  8 | 4  7  3 | 9  5  6 |
| 7  5  3 | 2  9  6 | 4  8  1 |
-------------------------------
| 3  6  7 | 5  4  2 | 8  1  9 |
| 9  8  4 | 7  6  1 | 2  3  5 |
| 5  2  1 | 8  3  9 | 7  6  4 |
-------------------------------

Done with puzzle 9 in 0.867237091064 sec
Starting puzzle 10
-------------------------------
Solved Puzzle in 220c and 107b:
-------------------------------
| 1  2  8 | 5  4  7 | 6  3  9 |
| 3  4  5 | 8  6  9 | 2  1  7 |
| 6  7  9 | 2  1  3 | 5  4  8 |
-------------------------------
| 9  1  2 | 4  8  6 | 3  7  5 |
| 7  8  4 | 3  5  2 | 1  9  6 |
| 5  3  6 | 7  9  1 | 4  8  2 |
-------------------------------
| 8  9  1 | 6  2  4 | 7  5  3 |
| 4  6  7 | 9  3  5 | 8  2  1 |
| 2  5  3 | 1  7  8 | 9  6  4 |
-------------------------------

Done with puzzle 10 in 0.385861873627 sec
Starting puzzle 11
-------------------------------
Solved Puzzle in 1009c and 608b:
-------------------------------
| 6  2  4 | 5  7  8 | 1  3  9 |
| 1  3  5 | 4  9  6 | 8  2  7 |
| 7  8  9 | 1  2  3 | 4  5  6 |
-------------------------------
| 2  1  6 | 3  8  5 | 7  9  4 |
| 8  5  7 | 9  6  4 | 2  1  3 |
| 4  9  3 | 2  1  7 | 6  8  5 |
-------------------------------
| 9  4  2 | 6  5  1 | 3  7  8 |
| 5  6  8 | 7  3  2 | 9  4  1 |
| 3  7  1 | 8  4  9 | 5  6  2 |
-------------------------------

Done with puzzle 11 in 2.26329016685 sec
Starting puzzle 12
-------------------------------
Solved Puzzle in 32c and 7b:
-------------------------------
| 7  9  6 | 1  5  2 | 3  8  4 |
| 5  3  1 | 4  6  8 | 9  2  7 |
| 4  2  8 | 3  7  9 | 6  5  1 |
-------------------------------
| 1  5  2 | 6  3  4 | 7  9  8 |
| 3  8  4 | 7  9  1 | 2  6  5 |
| 9  6  7 | 2  8  5 | 1  4  3 |
-------------------------------
| 2  1  9 | 8  4  3 | 5  7  6 |
| 6  4  5 | 9  1  7 | 8  3  2 |
| 8  7  3 | 5  2  6 | 4  1  9 |
-------------------------------

Done with puzzle 12 in 0.0360820293427 sec
Starting puzzle 13
-------------------------------
Solved Puzzle in 84c and 39b:
-------------------------------
| 1  6  2 | 8  5  7 | 4  9  3 |
| 5  3  4 | 1  2  9 | 6  7  8 |
| 7  8  9 | 6  4  3 | 5  2  1 |
-------------------------------
| 4  7  5 | 3  1  2 | 9  8  6 |
| 9  1  3 | 5  8  6 | 7  4  2 |
| 6  2  8 | 7  9  4 | 1  3  5 |
-------------------------------
| 3  5  6 | 4  7  8 | 2  1  9 |
| 2  4  1 | 9  3  5 | 8  6  7 |
| 8  9  7 | 2  6  1 | 3  5  4 |
-------------------------------

Done with puzzle 13 in 0.162468194962 sec
Starting puzzle 14
-------------------------------
Solved Puzzle in 39c and 20b:
-------------------------------
| 1  5  2 | 9  3  4 | 6  8  7 |
| 7  6  3 | 8  2  1 | 5  4  9 |
| 9  8  4 | 5  6  7 | 3  2  1 |
-------------------------------
| 6  1  8 | 4  9  3 | 2  7  5 |
| 3  7  5 | 1  8  2 | 4  9  6 |
| 2  4  9 | 7  5  6 | 8  1  3 |
-------------------------------
| 5  2  1 | 3  7  8 | 9  6  4 |
| 4  3  6 | 2  1  9 | 7  5  8 |
| 8  9  7 | 6  4  5 | 1  3  2 |
-------------------------------

Done with puzzle 14 in 0.0825979709625 sec
Starting puzzle 15
-------------------------------
Solved Puzzle in 74c and 40b:
-------------------------------
| 3  8  7 | 9  2  6 | 4  1  5 |
| 5  4  6 | 8  1  3 | 9  7  2 |
| 1  9  2 | 4  7  5 | 8  3  6 |
-------------------------------
| 2  3  5 | 7  4  9 | 1  6  8 |
| 9  6  1 | 2  5  8 | 7  4  3 |
| 4  7  8 | 6  3  1 | 5  2  9 |
-------------------------------
| 7  5  4 | 3  8  2 | 6  9  1 |
| 6  1  3 | 5  9  7 | 2  8  4 |
| 8  2  9 | 1  6  4 | 3  5  7 |
-------------------------------

Done with puzzle 15 in 0.141812801361 sec
Starting puzzle 16
-------------------------------
Solved Puzzle in 18c and 8b:
-------------------------------
| 8  6  9 | 5  7  4 | 1  3  2 |
| 1  2  4 | 3  9  6 | 7  5  8 |
| 3  7  5 | 1  2  8 | 6  9  4 |
-------------------------------
| 9  3  2 | 8  5  7 | 4  1  6 |
| 5  4  1 | 6  3  2 | 8  7  9 |
| 7  8  6 | 9  4  1 | 3  2  5 |
-------------------------------
| 2  1  7 | 4  6  9 | 5  8  3 |
| 4  9  3 | 7  8  5 | 2  6  1 |
| 6  5  8 | 2  1  3 | 9  4  7 |
-------------------------------

Done with puzzle 16 in 0.0406920909882 sec
Starting puzzle 17
-------------------------------
Solved Puzzle in 113c and 69b:
-------------------------------
| 7  9  8 | 6  3  5 | 4  2  1 |
| 1  2  6 | 9  7  4 | 5  8  3 |
| 4  5  3 | 2  1  8 | 6  7  9 |
-------------------------------
| 9  7  2 | 5  8  6 | 3  1  4 |
| 5  6  4 | 1  2  3 | 8  9  7 |
| 3  8  1 | 4  9  7 | 2  5  6 |
-------------------------------
| 6  1  7 | 3  5  2 | 9  4  8 |
| 8  3  5 | 7  4  9 | 1  6  2 |
| 2  4  9 | 8  6  1 | 7  3  5 |
-------------------------------

Done with puzzle 17 in 0.272217988968 sec
Starting puzzle 18
-------------------------------
Solved Puzzle in 97c and 45b:
-------------------------------
| 5  9  4 | 8  7  6 | 1  2  3 |
| 8  2  3 | 9  1  4 | 7  5  6 |
| 6  1  7 | 2  3  5 | 8  9  4 |
-------------------------------
| 9  6  5 | 4  2  1 | 3  7  8 |
| 7  8  1 | 6  5  3 | 9  4  2 |
| 3  4  2 | 7  9  8 | 5  6  1 |
-------------------------------
| 1  5  9 | 3  4  2 | 6  8  7 |
| 4  3  6 | 5  8  7 | 2  1  9 |
| 2  7  8 | 1  6  9 | 4  3  5 |
-------------------------------
Done with puzzle 18 in 0.221364974976 sec

Mon Oct 18 11:06:06 2010    sudoku.v3

         6802188 function calls (6367448 primitive calls) in 5.859 CPU seconds

   Ordered by: internal time
   List reduced from 84 to 10 due to restriction <10>

   ncalls  tottime  percall  cumtime  percall filename:lineno(function)
   127284    1.873    0.000    3.493    0.000 sudoku.py:153(index_constraints)
  3436668    0.874    0.000    0.874    0.000 {method 'add' of 'set' objects}
316188/2892    0.557    0.000    1.435    0.000 copy.py:144(deepcopy)
76958/2892    0.368    0.000    1.416    0.000 copy.py:224(_deepcopy_list)
   127284    0.294    0.000    0.294    0.000 sudoku.py:12(cross)
   127284    0.277    0.000    0.710    0.000 sudoku.py:38(square)
     1446    0.211    0.000    2.942    0.002 sudoku.py:137(constrain)
   127284    0.187    0.000    3.680    0.000 sudoku.py:164(index_possibilites)
   420507    0.138    0.000    0.138    0.000 {method 'get' of 'dict' objects}
   254568    0.138    0.000    0.138    0.000 {range}
