>>> reload(sudoku)
Starting puzzle 1
-------------------------------
Solved Puzzle in 9c and 1b:
-------------------------------
| 4  7  6 | 1  5  3 | 9  2  8 |
| 3  2  9 | 6  8  7 | 1  4  5 |
| 5  1  8 | 4  2  9 | 7  6  3 |
-------------------------------
| 2  8  4 | 7  1  5 | 3  9  6 |
| 1  6  7 | 9  3  2 | 5  8  4 |
| 9  5  3 | 8  4  6 | 2  1  7 |
-------------------------------
| 8  3  5 | 2  6  1 | 4  7  9 |
| 6  9  1 | 5  7  4 | 8  3  2 |
| 7  4  2 | 3  9  8 | 6  5  1 |
-------------------------------

Done with puzzle 1 in 0.0156700611115 sec
Starting puzzle 2
-------------------------------
Solved Puzzle in 31c and 12b:
-------------------------------
| 8  2  6 | 3  5  9 | 7  1  4 |
| 3  1  5 | 7  2  4 | 9  6  8 |
| 4  9  7 | 1  8  6 | 5  2  3 |
-------------------------------
| 2  7  9 | 8  6  3 | 1  4  5 |
| 6  5  8 | 4  1  7 | 2  3  9 |
| 1  4  3 | 2  9  5 | 8  7  6 |
-------------------------------
| 7  3  2 | 5  4  8 | 6  9  1 |
| 5  6  4 | 9  7  1 | 3  8  2 |
| 9  8  1 | 6  3  2 | 4  5  7 |
-------------------------------

Done with puzzle 2 in 0.13724899292 sec
Starting puzzle 3
-------------------------------
Solved Puzzle in 11c and 2b:
-------------------------------
| 6  8  4 | 2  9  5 | 3  1  7 |
| 2  7  9 | 3  8  1 | 4  6  5 |
| 3  5  1 | 4  7  6 | 9  8  2 |
-------------------------------
| 4  1  7 | 6  5  9 | 2  3  8 |
| 9  3  2 | 1  4  8 | 5  7  6 |
| 8  6  5 | 7  3  2 | 1  9  4 |
-------------------------------
| 5  2  8 | 9  6  3 | 7  4  1 |
| 1  4  3 | 8  2  7 | 6  5  9 |
| 7  9  6 | 5  1  4 | 8  2  3 |
-------------------------------

Done with puzzle 3 in 0.0260269641876 sec
Starting puzzle 4
-------------------------------
Solved Puzzle in 20c and 6b:
-------------------------------
| 3  5  7 | 9  2  4 | 6  1  8 |
| 6  4  1 | 8  5  3 | 7  2  9 |
| 8  9  2 | 7  6  1 | 3  5  4 |
-------------------------------
| 7  3  9 | 6  4  5 | 1  8  2 |
| 1  6  5 | 2  3  8 | 9  4  7 |
| 2  8  4 | 1  7  9 | 5  3  6 |
-------------------------------
| 5  7  6 | 3  8  2 | 4  9  1 |
| 4  1  8 | 5  9  7 | 2  6  3 |
| 9  2  3 | 4  1  6 | 8  7  5 |
-------------------------------

Done with puzzle 4 in 0.068834066391 sec
Starting puzzle 5
-------------------------------
Solved Puzzle in 50c and 22b:
-------------------------------
| 8  5  9 | 6  1  2 | 4  3  7 |
| 7  2  3 | 8  5  4 | 1  6  9 |
| 1  6  4 | 3  7  9 | 5  2  8 |
-------------------------------
| 9  8  6 | 1  4  7 | 3  5  2 |
| 3  7  5 | 2  6  8 | 9  1  4 |
| 2  4  1 | 5  9  3 | 7  8  6 |
-------------------------------
| 4  3  2 | 9  8  1 | 6  7  5 |
| 6  1  7 | 4  2  5 | 8  9  3 |
| 5  9  8 | 7  3  6 | 2  4  1 |
-------------------------------

Done with puzzle 5 in 0.262856006622 sec
Starting puzzle 6
-------------------------------
Solved Puzzle in 357c and 147b:
-------------------------------
| 1  4  5 | 3  2  7 | 6  9  8 |
| 8  3  9 | 6  5  4 | 1  2  7 |
| 6  7  2 | 9  1  8 | 5  4  3 |
-------------------------------
| 4  9  6 | 1  8  5 | 3  7  2 |
| 2  1  8 | 4  7  3 | 9  5  6 |
| 7  5  3 | 2  9  6 | 4  8  1 |
-------------------------------
| 3  6  7 | 5  4  2 | 8  1  9 |
| 9  8  4 | 7  6  1 | 2  3  5 |
| 5  2  1 | 8  3  9 | 7  6  4 |
-------------------------------

Done with puzzle 6 in 1.59851789474 sec
Starting puzzle 7
-------------------------------
Solved Puzzle in 48c and 25b:
-------------------------------
| 3  8  4 | 5  6  2 | 7  1  9 |
| 6  5  9 | 4  1  7 | 2  3  8 |
| 2  7  1 | 9  3  8 | 6  4  5 |
-------------------------------
| 1  4  5 | 2  7  9 | 8  6  3 |
| 8  9  3 | 6  5  4 | 1  2  7 |
| 7  2  6 | 1  8  3 | 9  5  4 |
-------------------------------
| 9  1  8 | 3  2  5 | 4  7  6 |
| 4  3  2 | 7  9  6 | 5  8  1 |
| 5  6  7 | 8  4  1 | 3  9  2 |
-------------------------------

Done with puzzle 7 in 0.426495075226 sec
Starting puzzle 8
-------------------------------
Solved Puzzle in 50c and 22b:
-------------------------------
| 8  5  9 | 6  1  2 | 4  3  7 |
| 7  2  3 | 8  5  4 | 1  6  9 |
| 1  6  4 | 3  7  9 | 5  2  8 |
-------------------------------
| 9  8  6 | 1  4  7 | 3  5  2 |
| 3  7  5 | 2  6  8 | 9  1  4 |
| 2  4  1 | 5  9  3 | 7  8  6 |
-------------------------------
| 4  3  2 | 9  8  1 | 6  7  5 |
| 6  1  7 | 4  2  5 | 8  9  3 |
| 5  9  8 | 7  3  6 | 2  4  1 |
-------------------------------

Done with puzzle 8 in 0.26601600647 sec
Starting puzzle 9
-------------------------------
Solved Puzzle in 357c and 147b:
-------------------------------
| 1  4  5 | 3  2  7 | 6  9  8 |
| 8  3  9 | 6  5  4 | 1  2  7 |
| 6  7  2 | 9  1  8 | 5  4  3 |
-------------------------------
| 4  9  6 | 1  8  5 | 3  7  2 |
| 2  1  8 | 4  7  3 | 9  5  6 |
| 7  5  3 | 2  9  6 | 4  8  1 |
-------------------------------
| 3  6  7 | 5  4  2 | 8  1  9 |
| 9  8  4 | 7  6  1 | 2  3  5 |
| 5  2  1 | 8  3  9 | 7  6  4 |
-------------------------------

Done with puzzle 9 in 1.5805079937 sec
Starting puzzle 10
-------------------------------
Solved Puzzle in 205c and 79b:
-------------------------------
| 1  2  8 | 5  4  7 | 6  3  9 |
| 3  4  5 | 8  6  9 | 2  1  7 |
| 6  7  9 | 2  1  3 | 5  4  8 |
-------------------------------
| 9  1  2 | 4  8  6 | 3  7  5 |
| 7  8  4 | 3  5  2 | 1  9  6 |
| 5  3  6 | 7  9  1 | 4  8  2 |
-------------------------------
| 8  9  1 | 6  2  4 | 7  5  3 |
| 4  6  7 | 9  3  5 | 8  2  1 |
| 2  5  3 | 1  7  8 | 9  6  4 |
-------------------------------

Done with puzzle 10 in 0.830010890961 sec
Starting puzzle 11
-------------------------------
Solved Puzzle in 893c and 393b:
-------------------------------
| 6  2  4 | 5  7  8 | 1  3  9 |
| 1  3  5 | 4  9  6 | 8  2  7 |
| 7  8  9 | 1  2  3 | 4  5  6 |
-------------------------------
| 2  1  6 | 3  8  5 | 7  9  4 |
| 8  5  7 | 9  6  4 | 2  1  3 |
| 4  9  3 | 2  1  7 | 6  8  5 |
-------------------------------
| 9  4  2 | 6  5  1 | 3  7  8 |
| 5  6  8 | 7  3  2 | 9  4  1 |
| 3  7  1 | 8  4  9 | 5  6  2 |
-------------------------------

Done with puzzle 11 in 4.23729014397 sec
Starting puzzle 12
-------------------------------
Solved Puzzle in 30c and 5b:
-------------------------------
| 7  9  6 | 1  5  2 | 3  8  4 |
| 5  3  1 | 4  6  8 | 9  2  7 |
| 4  2  8 | 3  7  9 | 6  5  1 |
-------------------------------
| 1  5  2 | 6  3  4 | 7  9  8 |
| 3  8  4 | 7  9  1 | 2  6  5 |
| 9  6  7 | 2  8  5 | 1  4  3 |
-------------------------------
| 2  1  9 | 8  4  3 | 5  7  6 |
| 6  4  5 | 9  1  7 | 8  3  2 |
| 8  7  3 | 5  2  6 | 4  1  9 |
-------------------------------

Done with puzzle 12 in 0.0617589950562 sec
Starting puzzle 13
-------------------------------
Solved Puzzle in 83c and 26b:
-------------------------------
| 1  6  2 | 8  5  7 | 4  9  3 |
| 5  3  4 | 1  2  9 | 6  7  8 |
| 7  8  9 | 6  4  3 | 5  2  1 |
-------------------------------
| 4  7  5 | 3  1  2 | 9  8  6 |
| 9  1  3 | 5  8  6 | 7  4  2 |
| 6  2  8 | 7  9  4 | 1  3  5 |
-------------------------------
| 3  5  6 | 4  7  8 | 2  1  9 |
| 2  4  1 | 9  3  5 | 8  6  7 |
| 8  9  7 | 2  6  1 | 3  5  4 |
-------------------------------

Done with puzzle 13 in 0.369510889053 sec
Starting puzzle 14
-------------------------------
Solved Puzzle in 37c and 13b:
-------------------------------
| 1  5  2 | 9  3  4 | 6  8  7 |
| 7  6  3 | 8  2  1 | 5  4  9 |
| 9  8  4 | 5  6  7 | 3  2  1 |
-------------------------------
| 6  1  8 | 4  9  3 | 2  7  5 |
| 3  7  5 | 1  8  2 | 4  9  6 |
| 2  4  9 | 7  5  6 | 8  1  3 |
-------------------------------
| 5  2  1 | 3  7  8 | 9  6  4 |
| 4  3  6 | 2  1  9 | 7  5  8 |
| 8  9  7 | 6  4  5 | 1  3  2 |
-------------------------------

Done with puzzle 14 in 0.158850908279 sec
Starting puzzle 15
-------------------------------
Solved Puzzle in 67c and 28b:
-------------------------------
| 3  8  7 | 9  2  6 | 4  1  5 |
| 5  4  6 | 8  1  3 | 9  7  2 |
| 1  9  2 | 4  7  5 | 8  3  6 |
-------------------------------
| 2  3  5 | 7  4  9 | 1  6  8 |
| 9  6  1 | 2  5  8 | 7  4  3 |
| 4  7  8 | 6  3  1 | 5  2  9 |
-------------------------------
| 7  5  4 | 3  8  2 | 6  9  1 |
| 6  1  3 | 5  9  7 | 2  8  4 |
| 8  2  9 | 1  6  4 | 3  5  7 |
-------------------------------

Done with puzzle 15 in 0.261571884155 sec
Starting puzzle 16
-------------------------------
Solved Puzzle in 15c and 3b:
-------------------------------
| 8  6  9 | 5  7  4 | 1  3  2 |
| 1  2  4 | 3  9  6 | 7  5  8 |
| 3  7  5 | 1  2  8 | 6  9  4 |
-------------------------------
| 9  3  2 | 8  5  7 | 4  1  6 |
| 5  4  1 | 6  3  2 | 8  7  9 |
| 7  8  6 | 9  4  1 | 3  2  5 |
-------------------------------
| 2  1  7 | 4  6  9 | 5  8  3 |
| 4  9  3 | 7  8  5 | 2  6  1 |
| 6  5  8 | 2  1  3 | 9  4  7 |
-------------------------------

Done with puzzle 16 in 0.0534639358521 sec
Starting puzzle 17
-------------------------------
Solved Puzzle in 107c and 46b:
-------------------------------
| 7  9  8 | 6  3  5 | 4  2  1 |
| 1  2  6 | 9  7  4 | 5  8  3 |
| 4  5  3 | 2  1  8 | 6  7  9 |
-------------------------------
| 9  7  2 | 5  8  6 | 3  1  4 |
| 5  6  4 | 1  2  3 | 8  9  7 |
| 3  8  1 | 4  9  7 | 2  5  6 |
-------------------------------
| 6  1  7 | 3  5  2 | 9  4  8 |
| 8  3  5 | 7  4  9 | 1  6  2 |
| 2  4  9 | 8  6  1 | 7  3  5 |
-------------------------------

Done with puzzle 17 in 0.639564037323 sec
Starting puzzle 18
-------------------------------
Solved Puzzle in 93c and 34b:
-------------------------------
| 5  9  4 | 8  7  6 | 1  2  3 |
| 8  2  3 | 9  1  4 | 7  5  6 |
| 6  1  7 | 2  3  5 | 8  9  4 |
-------------------------------
| 9  6  5 | 4  2  1 | 3  7  8 |
| 7  8  1 | 6  5  3 | 9  4  2 |
| 3  4  2 | 7  9  8 | 5  6  1 |
-------------------------------
| 1  5  9 | 3  4  2 | 6  8  7 |
| 4  3  6 | 5  8  7 | 2  1  9 |
| 2  7  8 | 1  6  9 | 4  3  5 |
-------------------------------

Done with puzzle 18 in 0.516777992249 sec
Mon Oct 18 15:17:54 2010    sudoku.v4

         10723871 function calls (10274846 primitive calls) in 11.543 CPU seconds

   Ordered by: internal time
   List reduced from 72 to 10 due to restriction <10>

   ncalls  tottime  percall  cumtime  percall filename:lineno(function)
    79682    1.234    0.000    2.442    0.000 sudoku.py:256(index_constraints)
400110/32006    1.168    0.000    3.265    0.000 copy.py:144(deepcopy)
    29984    0.893    0.000    5.414    0.000 sudoku.py:240(cross_hatch)
    91631    0.663    0.000    1.640    0.000 sudoku.py:196(free_in_square)
   593649    0.655    0.000    4.819    0.000 sudoku.py:27(__call__)
  2151414    0.560    0.000    0.560    0.000 {method 'add' of 'set' objects}
  1435193    0.536    0.000    0.536    0.000 sudoku.py:160(square_solved)
   505422    0.478    0.000    0.779    0.000 sudoku.py:50(square_idxs)
   171313    0.446    0.000    0.446    0.000 sudoku.py:12(cross)
82943/32006    0.429    0.000    1.886    0.000 copy.py:224(_deepcopy_list)
