>>> reload(sudoku)
Starting puzzle 1
-------------------------------
Solved Puzzle in 6c and 1b:
-------------------------------
| 4  7  6 | 1  5  3 | 9  2  8 |
| 3  2  9 | 6  8  7 | 1  4  5 |
| 5  1  8 | 4  2  9 | 7  6  3 |
-------------------------------
| 2  8  4 | 7  1  5 | 3  9  6 |
| 1  6  7 | 9  3  2 | 5  8  4 |
| 9  5  3 | 8  4  6 | 2  1  7 |
-------------------------------
| 8  3  5 | 2  6  1 | 4  7  9 |
| 6  9  1 | 5  7  4 | 8  3  2 |
| 7  4  2 | 3  9  8 | 6  5  1 |
-------------------------------

Done with puzzle 1 in 0.0243680477142 sec
Starting puzzle 2
-------------------------------
Solved Puzzle in 14c and 4b:
-------------------------------
| 8  2  6 | 3  5  9 | 7  1  4 |
| 3  1  5 | 7  2  4 | 9  6  8 |
| 4  9  7 | 1  8  6 | 5  2  3 |
-------------------------------
| 2  7  9 | 8  6  3 | 1  4  5 |
| 6  5  8 | 4  1  7 | 2  3  9 |
| 1  4  3 | 2  9  5 | 8  7  6 |
-------------------------------
| 7  3  2 | 5  4  8 | 6  9  1 |
| 5  6  4 | 9  7  1 | 3  8  2 |
| 9  8  1 | 6  3  2 | 4  5  7 |
-------------------------------

Done with puzzle 2 in 0.0774428844452 sec
Starting puzzle 3
-------------------------------
Solved Puzzle in 6c and 1b:
-------------------------------
| 6  8  4 | 2  9  5 | 3  1  7 |
| 2  7  9 | 3  8  1 | 4  6  5 |
| 3  5  1 | 4  7  6 | 9  8  2 |
-------------------------------
| 4  1  7 | 6  5  9 | 2  3  8 |
| 9  3  2 | 1  4  8 | 5  7  6 |
| 8  6  5 | 7  3  2 | 1  9  4 |
-------------------------------
| 5  2  8 | 9  6  3 | 7  4  1 |
| 1  4  3 | 8  2  7 | 6  5  9 |
| 7  9  6 | 5  1  4 | 8  2  3 |
-------------------------------

Done with puzzle 3 in 0.0243940353394 sec
Starting puzzle 4
-------------------------------
Solved Puzzle in 13c and 4b:
-------------------------------
| 3  5  7 | 9  2  4 | 6  1  8 |
| 6  4  1 | 8  5  3 | 7  2  9 |
| 8  9  2 | 7  6  1 | 3  5  4 |
-------------------------------
| 7  3  9 | 6  4  5 | 1  8  2 |
| 1  6  5 | 2  3  8 | 9  4  7 |
| 2  8  4 | 1  7  9 | 5  3  6 |
-------------------------------
| 5  7  6 | 3  8  2 | 4  9  1 |
| 4  1  8 | 5  9  7 | 2  6  3 |
| 9  2  3 | 4  1  6 | 8  7  5 |
-------------------------------

Done with puzzle 4 in 0.0673310756683 sec
Starting puzzle 5
-------------------------------
Solved Puzzle in 48c and 18b:
-------------------------------
| 8  5  9 | 6  1  2 | 4  3  7 |
| 7  2  3 | 8  5  4 | 1  6  9 |
| 1  6  4 | 3  7  9 | 5  2  8 |
-------------------------------
| 9  8  6 | 1  4  7 | 3  5  2 |
| 3  7  5 | 2  6  8 | 9  1  4 |
| 2  4  1 | 5  9  3 | 7  8  6 |
-------------------------------
| 4  3  2 | 9  8  1 | 6  7  5 |
| 6  1  7 | 4  2  5 | 8  9  3 |
| 5  9  8 | 7  3  6 | 2  4  1 |
-------------------------------

Done with puzzle 5 in 0.331252098083 sec
Starting puzzle 6
-------------------------------
Solved Puzzle in 175c and 75b:
-------------------------------
| 1  4  5 | 3  2  7 | 6  9  8 |
| 8  3  9 | 6  5  4 | 1  2  7 |
| 6  7  2 | 9  1  8 | 5  4  3 |
-------------------------------
| 4  9  6 | 1  8  5 | 3  7  2 |
| 2  1  8 | 4  7  3 | 9  5  6 |
| 7  5  3 | 2  9  6 | 4  8  1 |
-------------------------------
| 3  6  7 | 5  4  2 | 8  1  9 |
| 9  8  4 | 7  6  1 | 2  3  5 |
| 5  2  1 | 8  3  9 | 7  6  4 |
-------------------------------

Done with puzzle 6 in 1.12751603127 sec
Starting puzzle 7
-------------------------------
Solved Puzzle in 45c and 25b:
-------------------------------
| 3  8  4 | 5  6  2 | 7  1  9 |
| 6  5  9 | 4  1  7 | 2  3  8 |
| 2  7  1 | 9  3  8 | 6  4  5 |
-------------------------------
| 1  4  5 | 2  7  9 | 8  6  3 |
| 8  9  3 | 6  5  4 | 1  2  7 |
| 7  2  6 | 1  8  3 | 9  5  4 |
-------------------------------
| 9  1  8 | 3  2  5 | 4  7  6 |
| 4  3  2 | 7  9  6 | 5  8  1 |
| 5  6  7 | 8  4  1 | 3  9  2 |
-------------------------------

Done with puzzle 7 in 0.403296947479 sec
Starting puzzle 8
-------------------------------
Solved Puzzle in 48c and 18b:
-------------------------------
| 8  5  9 | 6  1  2 | 4  3  7 |
| 7  2  3 | 8  5  4 | 1  6  9 |
| 1  6  4 | 3  7  9 | 5  2  8 |
-------------------------------
| 9  8  6 | 1  4  7 | 3  5  2 |
| 3  7  5 | 2  6  8 | 9  1  4 |
| 2  4  1 | 5  9  3 | 7  8  6 |
-------------------------------
| 4  3  2 | 9  8  1 | 6  7  5 |
| 6  1  7 | 4  2  5 | 8  9  3 |
| 5  9  8 | 7  3  6 | 2  4  1 |
-------------------------------

Done with puzzle 8 in 0.312453985214 sec
Starting puzzle 9
-------------------------------
Solved Puzzle in 175c and 75b:
-------------------------------
| 1  4  5 | 3  2  7 | 6  9  8 |
| 8  3  9 | 6  5  4 | 1  2  7 |
| 6  7  2 | 9  1  8 | 5  4  3 |
-------------------------------
| 4  9  6 | 1  8  5 | 3  7  2 |
| 2  1  8 | 4  7  3 | 9  5  6 |
| 7  5  3 | 2  9  6 | 4  8  1 |
-------------------------------
| 3  6  7 | 5  4  2 | 8  1  9 |
| 9  8  4 | 7  6  1 | 2  3  5 |
| 5  2  1 | 8  3  9 | 7  6  4 |
-------------------------------

Done with puzzle 9 in 1.09240293503 sec
Starting puzzle 10
-------------------------------
Solved Puzzle in 45c and 20b:
-------------------------------
| 1  2  8 | 5  4  7 | 6  3  9 |
| 3  4  5 | 8  6  9 | 2  1  7 |
| 6  7  9 | 2  1  3 | 5  4  8 |
-------------------------------
| 9  1  2 | 4  8  6 | 3  7  5 |
| 7  8  4 | 3  5  2 | 1  9  6 |
| 5  3  6 | 7  9  1 | 4  8  2 |
-------------------------------
| 8  9  1 | 6  2  4 | 7  5  3 |
| 4  6  7 | 9  3  5 | 8  2  1 |
| 2  5  3 | 1  7  8 | 9  6  4 |
-------------------------------

Done with puzzle 10 in 0.275533914566 sec
Starting puzzle 11
-------------------------------
Solved Puzzle in 215c and 89b:
-------------------------------
| 6  2  4 | 5  7  8 | 1  3  9 |
| 1  3  5 | 4  9  6 | 8  2  7 |
| 7  8  9 | 1  2  3 | 4  5  6 |
-------------------------------
| 2  1  6 | 3  8  5 | 7  9  4 |
| 8  5  7 | 9  6  4 | 2  1  3 |
| 4  9  3 | 2  1  7 | 6  8  5 |
-------------------------------
| 9  4  2 | 6  5  1 | 3  7  8 |
| 5  6  8 | 7  3  2 | 9  4  1 |
| 3  7  1 | 8  4  9 | 5  6  2 |
-------------------------------

Done with puzzle 11 in 1.37958693504 sec
Starting puzzle 12
-------------------------------
Solved Puzzle in 20c and 5b:
-------------------------------
| 7  9  6 | 1  5  2 | 3  8  4 |
| 5  3  1 | 4  6  8 | 9  2  7 |
| 4  2  8 | 3  7  9 | 6  5  1 |
-------------------------------
| 1  5  2 | 6  3  4 | 7  9  8 |
| 3  8  4 | 7  9  1 | 2  6  5 |
| 9  6  7 | 2  8  5 | 1  4  3 |
-------------------------------
| 2  1  9 | 8  4  3 | 5  7  6 |
| 6  4  5 | 9  1  7 | 8  3  2 |
| 8  7  3 | 5  2  6 | 4  1  9 |
-------------------------------

Done with puzzle 12 in 0.0975780487061 sec
Starting puzzle 13
-------------------------------
Solved Puzzle in 40c and 17b:
-------------------------------
| 1  6  2 | 8  5  7 | 4  9  3 |
| 5  3  4 | 1  2  9 | 6  7  8 |
| 7  8  9 | 6  4  3 | 5  2  1 |
-------------------------------
| 4  7  5 | 3  1  2 | 9  8  6 |
| 9  1  3 | 5  8  6 | 7  4  2 |
| 6  2  8 | 7  9  4 | 1  3  5 |
-------------------------------
| 3  5  6 | 4  7  8 | 2  1  9 |
| 2  4  1 | 9  3  5 | 8  6  7 |
| 8  9  7 | 2  6  1 | 3  5  4 |
-------------------------------

Done with puzzle 13 in 0.267745018005 sec
Starting puzzle 14
-------------------------------
Solved Puzzle in 22c and 8b:
-------------------------------
| 1  5  2 | 9  3  4 | 6  8  7 |
| 7  6  3 | 8  2  1 | 5  4  9 |
| 9  8  4 | 5  6  7 | 3  2  1 |
-------------------------------
| 6  1  8 | 4  9  3 | 2  7  5 |
| 3  7  5 | 1  8  2 | 4  9  6 |
| 2  4  9 | 7  5  6 | 8  1  3 |
-------------------------------
| 5  2  1 | 3  7  8 | 9  6  4 |
| 4  3  6 | 2  1  9 | 7  5  8 |
| 8  9  7 | 6  4  5 | 1  3  2 |
-------------------------------

Done with puzzle 14 in 0.115886926651 sec
Starting puzzle 15
-------------------------------
Solved Puzzle in 22c and 8b:
-------------------------------
| 3  8  7 | 9  2  6 | 4  1  5 |
| 5  4  6 | 8  1  3 | 9  7  2 |
| 1  9  2 | 4  7  5 | 8  3  6 |
-------------------------------
| 2  3  5 | 7  4  9 | 1  6  8 |
| 9  6  1 | 2  5  8 | 7  4  3 |
| 4  7  8 | 6  3  1 | 5  2  9 |
-------------------------------
| 7  5  4 | 3  8  2 | 6  9  1 |
| 6  1  3 | 5  9  7 | 2  8  4 |
| 8  2  9 | 1  6  4 | 3  5  7 |
-------------------------------

Done with puzzle 15 in 0.111904144287 sec
Starting puzzle 16
-------------------------------
Solved Puzzle in 12c and 3b:
-------------------------------
| 8  6  9 | 5  7  4 | 1  3  2 |
| 1  2  4 | 3  9  6 | 7  5  8 |
| 3  7  5 | 1  2  8 | 6  9  4 |
-------------------------------
| 9  3  2 | 8  5  7 | 4  1  6 |
| 5  4  1 | 6  3  2 | 8  7  9 |
| 7  8  6 | 9  4  1 | 3  2  5 |
-------------------------------
| 2  1  7 | 4  6  9 | 5  8  3 |
| 4  9  3 | 7  8  5 | 2  6  1 |
| 6  5  8 | 2  1  3 | 9  4  7 |
-------------------------------

Done with puzzle 16 in 0.0864100456238 sec
Starting puzzle 17
-------------------------------
Solved Puzzle in 24c and 7b:
-------------------------------
| 7  9  8 | 6  3  5 | 4  2  1 |
| 1  2  6 | 9  7  4 | 5  8  3 |
| 4  5  3 | 2  1  8 | 6  7  9 |
-------------------------------
| 9  7  2 | 5  8  6 | 3  1  4 |
| 5  6  4 | 1  2  3 | 8  9  7 |
| 3  8  1 | 4  9  7 | 2  5  6 |
-------------------------------
| 6  1  7 | 3  5  2 | 9  4  8 |
| 8  3  5 | 7  4  9 | 1  6  2 |
| 2  4  9 | 8  6  1 | 7  3  5 |
-------------------------------

Done with puzzle 17 in 0.140253067017 sec
Starting puzzle 18
-------------------------------
Solved Puzzle in 59c and 24b:
-------------------------------
| 5  9  4 | 8  7  6 | 1  2  3 |
| 8  2  3 | 9  1  4 | 7  5  6 |
| 6  1  7 | 2  3  5 | 8  9  4 |
-------------------------------
| 9  6  5 | 4  2  1 | 3  7  8 |
| 7  8  1 | 6  5  3 | 9  4  2 |
| 3  4  2 | 7  9  8 | 5  6  1 |
-------------------------------
| 1  5  9 | 3  4  2 | 6  8  7 |
| 4  3  6 | 5  8  7 | 2  1  9 |
| 2  7  8 | 1  6  9 | 4  3  5 |
-------------------------------

Done with puzzle 18 in 0.388978004456 sec
Mon Oct 18 17:45:58 2010    sudoku.v4

         5909947 function calls (5791155 primitive calls) in 6.357 CPU seconds

   Ordered by: internal time
   List reduced from 67 to 10 due to restriction <10>

   ncalls  tottime  percall  cumtime  percall filename:lineno(function)
    53797    0.823    0.000    1.621    0.000 sudoku.py:254(index_constraints)
    27380    0.665    0.000    3.661    0.000 sudoku.py:238(cross_hatch)
    79703    0.558    0.000    1.386    0.000 sudoku.py:194(free_in_square)
   430203    0.460    0.000    3.357    0.000 sudoku.py:27(__call__)
  1100529    0.413    0.000    0.413    0.000 sudoku.py:160(square_solved)
  1452519    0.369    0.000    0.369    0.000 {method 'add' of 'set' objects}
   384628    0.365    0.000    0.577    0.000 sudoku.py:50(square_idxs)
   133500    0.329    0.000    0.329    0.000 sudoku.py:12(cross)
   133500    0.244    0.000    0.973    0.000 sudoku.py:54(square)
  989/402    0.217    0.000    5.755    0.014 sudoku.py:168(constrain)


<module 'sudoku' from 'sudoku.pyc'>
>>>
